free_thresh: 0.196
image: map_cut.pgm
negate: 0
occupied_thresh: 0.65
origin: [-2.1899999999999995, -4.949999999999999, 0.0]
resolution: 0.015
