free_thresh: 0.196
image: map_cut.pgm
negate: 0
occupied_thresh: 0.65
origin: [-1.8300000000000018, -4.649999999999999, 0.0]
resolution: 0.015
