free_thresh: 0.196
image: map_cut.pgm
negate: 0
occupied_thresh: 0.65
origin: [-2.1400000000000006, -5.140000000000001, 0.0]
resolution: 0.02
