image: map_0917_1.pgm
resolution: 0.030000
origin: [-25.350000, -23.430000, 0.000000]
negate: 0
occupied_thresh: 0.65
free_thresh: 0.196

