free_thresh: 0.196
image: map_cut.pgm
negate: 0
occupied_thresh: 0.65
origin: [-2.1000000000000085, -15.119999999999997, 0.0]
resolution: 0.03
